1 0.37109375 0.0703125 0.2109375 0.140625
1 0.5537109375 0.087890625 0.189453125 0.17578125
1 0.7421875 0.130859375 0.205078125 0.177734375
1 0.8896484375 0.26953125 0.220703125 0.359375
1 0.111328125 0.31640625 0.142578125 0.17578125
1 0.283203125 0.3779296875 0.189453125 0.16015625
1 0.498046875 0.4150390625 0.1875 0.162109375
1 0.779296875 0.5751953125 0.41796875 0.279296875
1 0.126953125 0.7509765625 0.25390625 0.314453125
1 0.3779296875 0.8212890625 0.26953125 0.271484375
1 0.7158203125 0.85546875 0.447265625 0.2890625
1 0.3203125 0.2099609375 0.1796875 0.173828125
1 0.4912109375 0.24609375 0.1796875 0.201171875
1 0.6796875 0.3056640625 0.205078125 0.169921875
1 0.0693359375 0.50390625 0.138671875 0.1796875
1 0.2578125 0.556640625 0.21484375 0.1796875
1 0.45703125 0.5869140625 0.18359375 0.201171875