0 0.2685546875 0.017578125 0.181640625 0.03515625
0 0.255859375 0.056640625 0.18359375 0.1015625
7 0.2548828125 0.126953125 0.216796875 0.10546875
0 0.2392578125 0.2001953125 0.197265625 0.103515625
0 0.2294921875 0.2666015625 0.2109375 0.111328125
0 0.2236328125 0.3408203125 0.212890625 0.10546875
5 0.197265625 0.4091796875 0.208984375 0.115234375
7 0.1982421875 0.48046875 0.216796875 0.109375
5 0.1875 0.548828125 0.216796875 0.109375
5 0.1689453125 0.6142578125 0.224609375 0.12109375
5 0.1650390625 0.6904296875 0.22265625 0.123046875
0 0.154296875 0.759765625 0.220703125 0.1171875
7 0.146484375 0.8310546875 0.228515625 0.115234375
5 0.134765625 0.89453125 0.236328125 0.1328125