1 0.2822265625 0.08984375 0.185546875 0.138671875
1 0.4677734375 0.0849609375 0.162109375 0.1494140625
1 0.66015625 0.0888671875 0.1796875 0.142578125
1 0.8720703125 0.185546875 0.240234375 0.31640625
1 0.08203125 0.4013671875 0.11328125 0.15625
1 0.2626953125 0.42578125 0.166015625 0.12890625
1 0.48046875 0.4169921875 0.1640625 0.1318359375
1 0.7890625 0.515625 0.3828125 0.205078125
1 0.154296875 0.830078125 0.2734375 0.263671875
1 0.447265625 0.83984375 0.2265625 0.2294921875
1 0.791015625 0.82421875 0.40234375 0.25390625
1 0.263671875 0.25390625 0.15234375 0.1455078125
1 0.4384765625 0.25390625 0.146484375 0.173828125
1 0.6357421875 0.2724609375 0.181640625 0.1357421875
1 0.078125 0.59375 0.11328125 0.16015625
1 0.2744140625 0.60546875 0.189453125 0.142578125
1 0.4755859375 0.59375 0.150390625 0.173828125