0 0.1357421875 0.0703125 0.1796875 0.0859375
0 0.1435546875 0.140625 0.1796875 0.091796875
7 0.1611328125 0.208984375 0.21484375 0.091796875
0 0.1669921875 0.283203125 0.193359375 0.08984375
0 0.17578125 0.3505859375 0.20703125 0.09765625
0 0.1904296875 0.423828125 0.2109375 0.091796875
5 0.1845703125 0.49609375 0.205078125 0.103515625
7 0.2041015625 0.564453125 0.212890625 0.095703125
5 0.2138671875 0.6328125 0.212890625 0.095703125
5 0.212890625 0.701171875 0.220703125 0.107421875
5 0.23046875 0.775390625 0.21875 0.109375
0 0.2392578125 0.8447265625 0.216796875 0.103515625
7 0.2509765625 0.916015625 0.2265625 0.1015625
5 0.2578125 0.9599609375 0.23046875 0.080078125