0 0.1826171875 0.0341796875 0.1728515625 0.068359375
0 0.1826171875 0.10546875 0.1728515625 0.0732421875
7 0.193359375 0.1748046875 0.2080078125 0.0712890625
0 0.19140625 0.25 0.1875 0.0712890625
0 0.193359375 0.3173828125 0.2001953125 0.0771484375
0 0.2001953125 0.3916015625 0.2041015625 0.0712890625
5 0.1865234375 0.462890625 0.1982421875 0.0830078125
7 0.19921875 0.533203125 0.2060546875 0.0751953125
5 0.201171875 0.6025390625 0.2060546875 0.0751953125
5 0.193359375 0.669921875 0.212890625 0.0849609375
5 0.203125 0.74609375 0.2099609375 0.087890625
0 0.205078125 0.8154296875 0.2099609375 0.0810546875
7 0.208984375 0.8876953125 0.21875 0.0791015625
5 0.208984375 0.9521484375 0.22265625 0.095703125