1 0.3486328125 0.0712890625 0.205078125 0.142578125
1 0.533203125 0.0859375 0.18359375 0.171875
1 0.72265625 0.119140625 0.19921875 0.16796875
1 0.88671875 0.2470703125 0.2265625 0.349609375
1 0.1025390625 0.3369140625 0.13671875 0.171875
1 0.27734375 0.3896484375 0.18359375 0.15234375
1 0.494140625 0.4150390625 0.18359375 0.15625
1 0.783203125 0.560546875 0.41015625 0.26171875
1 0.130859375 0.7705078125 0.26171875 0.302734375
1 0.39453125 0.8271484375 0.259765625 0.26171875
1 0.736328125 0.8544921875 0.4375 0.291015625
1 0.3046875 0.2197265625 0.173828125 0.16796875
1 0.4775390625 0.2470703125 0.171875 0.1953125
1 0.669921875 0.296875 0.201171875 0.162109375
1 0.068359375 0.5263671875 0.13671875 0.17578125
1 0.2607421875 0.5693359375 0.208984375 0.169921875
1 0.4609375 0.5888671875 0.17578125 0.1953125